  1    1   1.007825
  1    2   2.014101
  1    3   3.016049
  2    3   3.016029
  3    3   3.030775
  1    4   4.027806
  2    4   4.002603
  3    4   4.027185
  1    5   5.035311
  2    5   5.012223
  3    5   5.012537
  4    5   5.040790
  1    6   6.044942
  2    6   6.018889
  3    6   6.015122
  4    6   6.019726
  5    6   6.046810
  1    7   7.052749
  2    7   7.028020
  3    7   7.016004
  4    7   7.016929
  5    7   7.029917
  2    8   8.033921
  3    8   8.022487
  4    8   8.005305
  5    8   8.024607
  6    8   8.037675
  2    9   9.043950
  3    9   9.026789
  4    9   9.012182
  5    9   9.013328
  6    9   9.031036
  2   10  10.052398
  3   10  10.035481
  4   10  10.013533
  5   10  10.012936
  6   10  10.016853
  7   10  10.041653
  3   11  11.043797
  4   11  11.021657
  5   11  11.009305
  6   11  11.011433
  7   11  11.026090
  3   12  12.053780
  4   12  12.026920
  5   12  12.014352
  6   12  12.000000
  7   12  12.018613
  8   12  12.034404
  4   13  13.035693
  5   13  13.017780
  6   13  13.003354
  7   13  13.005738
  8   13  13.024812
  4   14  14.042892
  5   14  14.025404
  6   14  14.003241
  7   14  14.003074
  8   14  14.008596
  9   14  14.035060
  4   15  15.053460
  5   15  15.031103
  6   15  15.010599
  7   15  15.000108
  8   15  15.003065
  9   15  15.018009
  4   16  16.061920
  5   16  16.039808
  6   16  16.014701
  7   16  16.006101
  8   16  15.994914
  9   16  16.011465
 10   16  16.025761
  5   17  17.046989
  6   17  17.022586
  7   17  17.008450
  8   17  16.999131
  9   17  17.002095
 10   17  17.017671
  5   18  18.056170
  6   18  18.026759
  7   18  18.014078
  8   18  17.999161
  9   18  18.000937
 10   18  18.005708
 11   18  18.025969
  5   19  19.063730
  6   19  19.034805
  7   19  19.017028
  8   19  19.003580
  9   19  18.998403
 10   19  19.001880
 11   19  19.013877
 12   19  19.035470
  6   20  20.040319
  7   20  20.023365
  8   20  20.004076
  9   20  19.999981
 10   20  19.992440
 11   20  20.007351
 12   20  20.018862
  6   21  21.049340
  7   21  21.027108
  8   21  21.008655
  9   21  20.999948
 10   21  20.993846
 11   21  20.997655
 12   21  21.011712
 13   21  21.028040
  6   22  22.057200
  7   22  22.034394
  8   22  22.009966
  9   22  22.002998
 10   22  21.991385
 11   22  21.994436
 12   22  21.999573
 13   22  22.019520
 14   22  22.034530
  7   23  23.041220
  8   23  23.015687
  9   23  23.003574
 10   23  22.994466
 11   23  22.989769
 12   23  22.994123
 13   23  23.007267
 14   23  23.025520
  7   24  24.051040
  8   24  24.020472
  9   24  24.008115
 10   24  23.993610
 11   24  23.990962
 12   24  23.985041
 13   24  23.999938
 14   24  24.011545
 15   24  24.034350
  7   25  25.060660
  8   25  25.029460
  9   25  25.012101
 10   25  24.997736
 11   25  24.989953
 12   25  24.985836
 13   25  24.990428
 14   25  25.004105
 15   25  25.020260
  8   26  26.038340
  9   26  26.019615
 10   26  26.000461
 11   26  25.992633
 12   26  25.982592
 13   26  25.986891
 14   26  25.992329
 15   26  26.011780
 16   26  26.027880
  8   27  27.048260
  9   27  27.026760
 10   27  27.007589
 11   27  26.994076
 12   27  26.984340
 13   27  26.981538
 14   27  26.986704
 15   27  26.999230
 16   27  27.018833
  8   28  28.057810
  9   28  28.035670
 10   28  28.012071
 11   28  27.998938
 12   28  27.983876
 13   28  27.981910
 14   28  27.976926
 15   28  27.992314
 16   28  28.004372
 17   28  28.028510
  9   29  29.043260
 10   29  29.019385
 11   29  29.002861
 12   29  28.988600
 13   29  28.980445
 14   29  28.976494
 15   29  28.981800
 16   29  28.996608
 17   29  29.014110
  9   30  30.052500
 10   30  30.024801
 11   30  30.008976
 12   30  29.990434
 13   30  29.982960
 14   30  29.973770
 15   30  29.978313
 16   30  29.984903
 17   30  30.004770
 18   30  30.021560
  9   31  31.060429
 10   31  31.033110
 11   31  31.013585
 12   31  30.996546
 13   31  30.983946
 14   31  30.975363
 15   31  30.973761
 16   31  30.979554
 17   31  30.992413
 18   31  31.012123
 10   32  32.040020
 11   32  32.020466
 12   32  31.998975
 13   32  31.988124
 14   32  31.974148
 15   32  31.973907
 16   32  31.972070
 17   32  31.985689
 18   32  31.997637
 19   32  32.021920
 10   33  33.049380
 11   33  33.026719
 12   33  33.005254
 13   33  32.990843
 14   33  32.978000
 15   33  32.971725
 16   33  32.971458
 17   33  32.977451
 18   33  32.989925
 19   33  33.007260
 10   34  34.057028
 11   34  34.035170
 12   34  34.009456
 13   34  33.996851
 14   34  33.978575
 15   34  33.973636
 16   34  33.967866
 17   34  33.973762
 18   34  33.980271
 19   34  33.998410
 20   34  34.014120
 11   35  35.042493
 12   35  35.017340
 13   35  34.999860
 14   35  34.984583
 15   35  34.973314
 16   35  34.969032
 17   35  34.968852
 18   35  34.975257
 19   35  34.988009
 20   35  35.004940
 11   36  36.051480
 12   36  36.023000
 13   36  36.006207
 14   36  35.986599
 15   36  35.978259
 16   36  35.967080
 17   36  35.968306
 18   36  35.967545
 19   36  35.981292
 20   36  35.993087
 21   36  36.014920
 11   37  37.059340
 12   37  37.031400
 13   37  37.010677
 14   37  36.992936
 15   37  36.979608
 16   37  36.971125
 17   37  36.965902
 18   37  36.966776
 19   37  36.973375
 20   37  36.985870
 21   37  37.003050
 12   38  38.037570
 13   38  38.017231
 14   38  37.995633
 15   38  37.984156
 16   38  37.971163
 17   38  37.968010
 18   38  37.962732
 19   38  37.969081
 20   38  37.976318
 21   38  37.994700
 22   38  38.009770
 12   39  39.046772
 13   39  39.022970
 14   39  39.002070
 15   39  38.986179
 16   39  38.975134
 17   39  38.968008
 18   39  38.964313
 19   39  38.963706
 20   39  38.970719
 21   39  38.984790
 22   39  39.001610
 12   40  40.053930
 13   40  40.031450
 14   40  40.005869
 15   40  39.991296
 16   40  39.975451
 17   40  39.970415
 18   40  39.962383
 19   40  39.963998
 20   40  39.962590
 21   40  39.977967
 22   40  39.990498
 23   40  40.011090
 13   41  41.038330
 14   41  41.014560
 15   41  40.994335
 16   41  40.979582
 17   41  40.970684
 18   41  40.964500
 19   41  40.961825
 20   41  40.962278
 21   41  40.969251
 22   41  40.983145
 23   41  40.999780
 13   42  42.046890
 14   42  42.019790
 15   42  42.001007
 16   42  41.981022
 17   42  41.973254
 18   42  41.963045
 19   42  41.962402
 20   42  41.958618
 21   42  41.965516
 22   42  41.973030
 23   42  41.991230
 24   42  42.006430
 14   43  43.028660
 15   43  43.006190
 16   43  42.987154
 17   43  42.974054
 18   43  42.965636
 19   43  42.960715
 20   43  42.958766
 21   43  42.961150
 22   43  42.968522
 23   43  42.980650
 24   43  42.997710
 14   44  44.035260
 15   44  44.012990
 16   44  43.990213
 17   44  43.978281
 18   44  43.964924
 19   44  43.961556
 20   44  43.955481
 21   44  43.959402
 22   44  43.959690
 23   44  43.974110
 24   44  43.985549
 25   44  44.006870
 15   45  45.019220
 16   45  44.996508
 17   45  44.980286
 18   45  44.968039
 19   45  44.960699
 20   45  44.956186
 21   45  44.955911
 22   45  44.958125
 23   45  44.965775
 24   45  44.979640
 25   45  44.994510
 26   45  45.014578
 15   46  46.027380
 16   46  46.000750
 17   46  45.984210
 18   46  45.968094
 19   46  45.961976
 20   46  45.953692
 21   46  45.955171
 22   46  45.952631
 23   46  45.960200
 24   46  45.968358
 25   46  45.986720
 26   46  46.000810
 16   47  47.008590
 17   47  46.988710
 18   47  46.972186
 19   47  46.961678
 20   47  46.954546
 21   47  46.952407
 22   47  46.951763
 23   47  46.954908
 24   47  46.962900
 25   47  46.976100
 26   47  46.992890
 27   47  47.011490
 16   48  48.014170
 17   48  47.994950
 18   48  47.974540
 19   48  47.965513
 20   48  47.952534
 21   48  47.952231
 22   48  47.947946
 23   48  47.952253
 24   48  47.954031
 25   48  47.968520
 26   48  47.980504
 27   48  48.001760
 28   48  48.019750
 16   49  49.023619
 17   49  49.000320
 18   49  48.980520
 19   49  48.967450
 20   49  48.955674
 21   49  48.950023
 22   49  48.947869
 23   49  48.948516
 24   49  48.951335
 25   49  48.959618
 26   49  48.973610
 27   49  48.989720
 28   49  49.009660
 17   50  50.007840
 18   50  49.984430
 19   50  49.972783
 20   50  49.957518
 21   50  49.952187
 22   50  49.944791
 23   50  49.947158
 24   50  49.946044
 25   50  49.954238
 26   50  49.962988
 27   50  49.981540
 28   50  49.995930
 17   51  51.014490
 18   51  50.991630
 19   51  50.976380
 20   51  50.961499
 21   51  50.953603
 22   51  50.946614
 23   51  50.943959
 24   51  50.944767
 25   51  50.948210
 26   51  50.956819
 27   51  50.970720
 28   51  50.987720
 18   52  51.996780
 19   52  51.982610
 20   52  51.965100
 21   52  51.956675
 22   52  51.946897
 23   52  51.944775
 24   52  51.940507
 25   52  51.945565
 26   52  51.948113
 27   52  51.963590
 28   52  51.975680
 29   52  51.997180
 18   53  53.004940
 19   53  52.987120
 20   53  52.970050
 21   53  52.959610
 22   53  52.949727
 23   53  52.944337
 24   53  52.940649
 25   53  52.941290
 26   53  52.945307
 27   53  52.954218
 28   53  52.968470
 29   53  52.985550
 19   54  53.994200
 20   54  53.974350
 21   54  53.963264
 22   54  53.951052
 23   54  53.946439
 24   54  53.938880
 25   54  53.940358
 26   54  53.939610
 27   54  53.948459
 28   54  53.957905
 29   54  53.976710
 30   54  53.992950
 19   55  54.999710
 20   55  54.980550
 21   55  54.968243
 22   55  54.955265
 23   55  54.947233
 24   55  54.940839
 25   55  54.938045
 26   55  54.938293
 27   55  54.941999
 28   55  54.951330
 29   55  54.966050
 30   55  54.983980
 20   56  55.985570
 21   56  55.972870
 22   56  55.958199
 23   56  55.950530
 24   56  55.940653
 25   56  55.938904
 26   56  55.934937
 27   56  55.939839
 28   56  55.942132
 29   56  55.958560
 30   56  55.972380
 31   56  55.994910
 20   57  56.992356
 21   57  56.977790
 22   57  56.963989
 23   57  56.952561
 24   57  56.943613
 25   57  56.938285
 26   57  56.935393
 27   57  56.936291
 28   57  56.939793
 29   57  56.949211
 30   57  56.964788
 31   57  56.982930
 21   58  57.983710
 22   58  57.966970
 23   58  57.956834
 24   58  57.944353
 25   58  57.939981
 26   58  57.933275
 27   58  57.935752
 28   58  57.935342
 29   58  57.944538
 30   58  57.954591
 31   58  57.974250
 32   58  57.991010
 21   59  58.989220
 22   59  58.972930
 23   59  58.960207
 24   59  58.948586
 25   59  58.940440
 26   59  58.934875
 27   59  58.933195
 28   59  58.934346
 29   59  58.939498
 30   59  58.949263
 31   59  58.963370
 32   59  58.981750
 21   60  59.995710
 22   60  59.976760
 23   60  59.965026
 24   60  59.950076
 25   60  59.942911
 26   60  59.934071
 27   60  59.933817
 28   60  59.930786
 29   60  59.937365
 30   60  59.941827
 31   60  59.957060
 32   60  59.970190
 33   60  59.993130
 22   61  60.983200
 23   61  60.968480
 24   61  60.954717
 25   61  60.944652
 26   61  60.936745
 27   61  60.932475
 28   61  60.931056
 29   61  60.933457
 30   61  60.939510
 31   61  60.949446
 32   61  60.963790
 33   61  60.980620
 22   62  61.987490
 23   62  61.973780
 24   62  61.956613
 25   62  61.948428
 26   62  61.936767
 27   62  61.934050
 28   62  61.928345
 29   62  61.932583
 30   62  61.934329
 31   62  61.944175
 32   62  61.954650
 33   62  61.973200
 22   63  62.994420
 23   63  62.977550
 24   63  62.961860
 25   63  62.950239
 26   63  62.940369
 27   63  62.933611
 28   63  62.929669
 29   63  62.929597
 30   63  62.933211
 31   63  62.939294
 32   63  62.949640
 33   63  62.963690
 23   64  63.983470
 24   64  63.964410
 25   64  63.954249
 26   64  63.941201
 27   64  63.935809
 28   64  63.927965
 29   64  63.929764
 30   64  63.929142
 31   64  63.936838
 32   64  63.941653
 33   64  63.957572
 23   65  64.987920
 24   65  64.970160
 25   65  64.956336
 26   65  64.945380
 27   65  64.936478
 28   65  64.930084
 29   65  64.927789
 30   65  64.929240
 31   65  64.932734
 32   65  64.939436
 33   65  64.949564
 34   65  64.964660
 24   66  65.973380
 25   66  65.961080
 26   66  65.946780
 27   66  65.939762
 28   66  65.929139
 29   66  65.928868
 30   66  65.926033
 31   66  65.931589
 32   66  65.933843
 33   66  65.944710
 34   66  65.955210
 24   67  66.979550
 25   67  66.964140
 26   67  66.950947
 27   67  66.940889
 28   67  66.931569
 29   67  66.927730
 30   67  66.927127
 31   67  66.928201
 32   67  66.932734
 33   67  66.939186
 34   67  66.950090
 35   67  66.964790
 25   68  67.969300
 26   68  67.953700
 27   68  67.944873
 28   68  67.931868
 29   68  67.929610
 30   68  67.924844
 31   68  67.927980
 32   68  67.928094
 33   68  67.936769
 34   68  67.941798
 35   68  67.958516
 25   69  68.972840
 26   69  68.958780
 27   69  68.946320
 28   69  68.935610
 29   69  68.929429
 30   69  68.926550
 31   69  68.925573
 32   69  68.927964
 33   69  68.932273
 34   69  68.939557
 35   69  68.950106
 36   69  68.965180
 26   70  69.961460
 27   70  69.951000
 28   70  69.936500
 29   70  69.932392
 30   70  69.925319
 31   70  69.926021
 32   70  69.924247
 33   70  69.930924
 34   70  69.933390
 35   70  69.944792
 36   70  69.955259
 26   71  70.966720
 27   71  70.952900
 28   71  70.940736
 29   71  70.932676
 30   71  70.927721
 31   71  70.924701
 32   71  70.924950
 33   71  70.927112
 34   71  70.932241
 35   71  70.938740
 36   71  70.949625
 37   71  70.965320
 26   72  71.969620
 27   72  71.957810
 28   72  71.942092
 29   72  71.935820
 30   72  71.926857
 31   72  71.926366
 32   72  71.922075
 33   72  71.926752
 34   72  71.927112
 35   72  71.936644
 36   72  71.942092
 37   72  71.959080
 27   73  72.960240
 28   73  72.946470
 29   73  72.936675
 30   73  72.929779
 31   73  72.925174
 32   73  72.923458
 33   73  72.923824
 34   73  72.926765
 35   73  72.931691
 36   73  72.939289
 37   73  72.950561
 38   73  72.965970
 27   74  73.965380
 28   74  73.948070
 29   74  73.939874
 30   74  73.929458
 31   74  73.926945
 32   74  73.921177
 33   74  73.923928
 34   74  73.922476
 35   74  73.929891
 36   74  73.933084
 37   74  73.944264
 38   74  73.956310
 27   75  74.968330
 28   75  74.952870
 29   75  74.941900
 30   75  74.932936
 31   75  74.926500
 32   75  74.922858
 33   75  74.921596
 34   75  74.922523
 35   75  74.925776
 36   75  74.930945
 37   75  74.938570
 38   75  74.949949
 28   76  75.955330
 29   76  75.945275
 30   76  75.933293
 31   76  75.928827
 32   76  75.921402
 33   76  75.922394
 34   76  75.919213
 35   76  75.924541
 36   76  75.925910
 37   76  75.935072
 38   76  75.941766
 39   76  75.958450
 28   77  76.960550
 29   77  76.947850
 30   77  76.936958
 31   77  76.929154
 32   77  76.923548
 33   77  76.920647
 34   77  76.919914
 35   77  76.921379
 36   77  76.924670
 37   77  76.930408
 38   77  76.937944
 39   77  76.949645
 28   78  77.963180
 29   78  77.951960
 30   78  77.938440
 31   78  77.931608
 32   78  77.922852
 33   78  77.921827
 34   78  77.917309
 35   78  77.921145
 36   78  77.920364
 37   78  77.928141
 38   78  77.932180
 39   78  77.943610
 40   78  77.955230
 29   79  78.954560
 30   79  78.942652
 31   79  78.932893
 32   79  78.925400
 33   79  78.920947
 34   79  78.918499
 35   79  78.918337
 36   79  78.920082
 37   79  78.923989
 38   79  78.929708
 39   79  78.937351
 40   79  78.949160
 29   80  79.960870
 30   80  79.944342
 31   80  79.936515
 32   80  79.925372
 33   80  79.922533
 34   80  79.916521
 35   80  79.918529
 36   80  79.916378
 37   80  79.922519
 38   80  79.924521
 39   80  79.934280
 40   80  79.940400
 30   81  80.950480
 31   81  80.937752
 32   81  80.928820
 33   81  80.922132
 34   81  80.917992
 35   81  80.916290
 36   81  80.916592
 37   81  80.918995
 38   81  80.923211
 39   81  80.929127
 40   81  80.937210
 41   81  80.949030
 30   82  81.954420
 31   82  81.942990
 32   82  81.929549
 33   82  81.924504
 34   82  81.916699
 35   82  81.916804
 36   82  81.913483
 37   82  81.918208
 38   82  81.918401
 39   82  81.926792
 40   82  81.931087
 41   82  81.943130
 30   83  82.961030
 31   83  82.946980
 32   83  82.934620
 33   83  82.924980
 34   83  82.919118
 35   83  82.915180
 36   83  82.914136
 37   83  82.915109
 38   83  82.917556
 39   83  82.922354
 40   83  82.928653
 41   83  82.936705
 42   83  82.948740
 31   84  83.952650
 32   84  83.937470
 33   84  83.929058
 34   84  83.918462
 35   84  83.916478
 36   84  83.911506
 37   84  83.914384
 38   84  83.913425
 39   84  83.920388
 40   84  83.923250
 41   84  83.933570
 42   84  83.940090
 31   85  84.957000
 32   85  84.943030
 33   85  84.932020
 34   85  84.922245
 35   85  84.915608
 36   85  84.912527
 37   85  84.911789
 38   85  84.912932
 39   85  84.916433
 40   85  84.921471
 41   85  84.927912
 42   85  84.936550
 43   85  84.948830
 31   86  85.963120
 32   86  85.946490
 33   86  85.936500
 34   86  85.924271
 35   86  85.918797
 36   86  85.910610
 37   86  85.911167
 38   86  85.909260
 39   86  85.914885
 40   86  85.916473
 41   86  85.925038
 42   86  85.930695
 43   86  85.942880
 32   87  86.952510
 33   87  86.939900
 34   87  86.928521
 35   87  86.920711
 36   87  86.913354
 37   87  86.909180
 38   87  86.908877
 39   87  86.910875
 40   87  86.914816
 41   87  86.920361
 42   87  86.927326
 43   87  86.936530
 44   87  86.949180
 32   88  87.956910
 33   88  87.944940
 34   88  87.931423
 35   88  87.924065
 36   88  87.914446
 37   88  87.911315
 38   88  87.905612
 39   88  87.909501
 40   88  87.910226
 41   88  87.918332
 42   88  87.921953
 43   88  87.932678
 44   88  87.940260
 32   89  88.963830
 33   89  88.949390
 34   89  88.936450
 35   89  88.926385
 36   89  88.917630
 37   89  88.912278
 38   89  88.907450
 39   89  88.905848
 40   89  88.908889
 41   89  88.913418
 42   89  88.919480
 43   89  88.927167
 44   89  88.936110
 45   89  88.948837
 33   90  89.955500
 34   90  89.939960
 35   90  89.930627
 36   90  89.919516
 37   90  89.914801
 38   90  89.907737
 39   90  89.907151
 40   90  89.904704
 41   90  89.911264
 42   90  89.913936
 43   90  89.923556
 44   90  89.929890
 45   90  89.942870
 33   91  90.960430
 34   91  90.945960
 35   91  90.933968
 36   91  90.923445
 37   91  90.916536
 38   91  90.910203
 39   91  90.907304
 40   91  90.905645
 41   91  90.906996
 42   91  90.911750
 43   91  90.918427
 44   91  90.926292
 45   91  90.936550
 46   91  90.949110
 33   92  91.966800
 34   92  91.949920
 35   92  91.939258
 36   92  91.926156
 37   92  91.919728
 38   92  91.911037
 39   92  91.908949
 40   92  91.905040
 41   92  91.907193
 42   92  91.906810
 43   92  91.915260
 44   92  91.920120
 45   92  91.931980
 46   92  91.940420
 34   93  92.956290
 35   93  92.943050
 36   93  92.931274
 37   93  92.922041
 38   93  92.914025
 39   93  92.909582
 40   93  92.906476
 41   93  92.906378
 42   93  92.906812
 43   93  92.910248
 44   93  92.917052
 45   93  92.925740
 46   93  92.935910
 47   93  92.949780
 34   94  93.960490
 35   94  93.948680
 36   94  93.934360
 37   94  93.926404
 38   94  93.915361
 39   94  93.911595
 40   94  93.906315
 41   94  93.907283
 42   94  93.905088
 43   94  93.909657
 44   94  93.911359
 45   94  93.921698
 46   94  93.928770
 47   94  93.942780
 35   95  94.952870
 36   95  94.939840
 37   95  94.929302
 38   95  94.919358
 39   95  94.912820
 40   95  94.908042
 41   95  94.906835
 42   95  94.905842
 43   95  94.907657
 44   95  94.910412
 45   95  94.915898
 46   95  94.924690
 47   95  94.935480
 48   95  94.949870
 35   96  95.958530
 36   96  95.943070
 37   96  95.934272
 38   96  95.921696
 39   96  95.915891
 40   96  95.908273
 41   96  95.908100
 42   96  95.904679
 43   96  95.907871
 44   96  95.907597
 45   96  95.914460
 46   96  95.918164
 47   96  95.930680
 48   96  95.939770
 35   97  96.962800
 36   97  96.948560
 37   97  96.937351
 38   97  96.926152
 39   97  96.918133
 40   97  96.910953
 41   97  96.908098
 42   97  96.906021
 43   97  96.906365
 44   97  96.907554
 45   97  96.911336
 46   97  96.916479
 47   97  96.923972
 48   97  96.934940
 49   97  96.949540
 36   98  97.951910
 37   98  97.941790
 38   98  97.928452
 39   98  97.922203
 40   98  97.912734
 41   98  97.910328
 42   98  97.905408
 43   98  97.907215
 44   98  97.905287
 45   98  97.910708
 46   98  97.912720
 47   98  97.921566
 48   98  97.927395
 49   98  97.942140
 36   99  98.957600
 37   99  98.945379
 38   99  98.933240
 39   99  98.924636
 40   99  98.916512
 41   99  98.911618
 42   99  98.907711
 43   99  98.906254
 44   99  98.905939
 45   99  98.908132
 46   99  98.911767
 47   99  98.917597
 48   99  98.925010
 49   99  98.934220
 50   99  98.949330
 36  100  99.961140
 37  100  99.949870
 38  100  99.935351
 39  100  99.927756
 40  100  99.917761
 41  100  99.914181
 42  100  99.907477
 43  100  99.907657
 44  100  99.904219
 45  100  99.908121
 46  100  99.908505
 47  100  99.916104
 48  100  99.920289
 49  100  99.931110
 50  100  99.939044
 37  101 100.953196
 38  101 100.940517
 39  101 100.930313
 40  101 100.921140
 41  101 100.915252
 42  101 100.910347
 43  101 100.907314
 44  101 100.905582
 45  101 100.906163
 46  101 100.908289
 47  101 100.912802
 48  101 100.918681
 49  101 100.926340
 50  101 100.936060
 37  102 101.958870
 38  102 101.943018
 39  102 101.933555
 40  102 101.922981
 41  102 101.918037
 42  102 101.910297
 43  102 101.909215
 44  102 101.904349
 45  102 101.906843
 46  102 101.905608
 47  102 101.911685
 48  102 101.914462
 49  102 101.924090
 50  102 101.930295
 38  103 102.948950
 39  103 102.936730
 40  103 102.926599
 41  103 102.919143
 42  103 102.913207
 43  103 102.909181
 44  103 102.906323
 45  103 102.905504
 46  103 102.906087
 47  103 102.908972
 48  103 102.913419
 49  103 102.919914
 50  103 102.928100
 51  103 102.939690
 38  104 103.952330
 39  104 103.941050
 40  104 103.928780
 41  104 103.922464
 42  104 103.913763
 43  104 103.911447
 44  104 103.905432
 45  104 103.906655
 46  104 103.904035
 47  104 103.908629
 48  104 103.909849
 49  104 103.918296
 50  104 103.923143
 51  104 103.936472
 38  105 104.958580
 39  105 104.944870
 40  105 104.933050
 41  105 104.923936
 42  105 104.916974
 43  105 104.911660
 44  105 104.907752
 45  105 104.905693
 46  105 104.905084
 47  105 104.906528
 48  105 104.909467
 49  105 104.914673
 50  105 104.921349
 51  105 104.931486
 52  105 104.943640
 39  106 105.949790
 40  106 105.935910
 41  106 105.927970
 42  106 105.918136
 43  106 105.914357
 44  106 105.907329
 45  106 105.907287
 46  106 105.903485
 47  106 105.906668
 48  106 105.906459
 49  106 105.913465
 50  106 105.916880
 51  106 105.928791
 52  106 105.937504
 39  107 106.954140
 40  107 106.940750
 41  107 106.930310
 42  107 106.921692
 43  107 106.915079
 44  107 106.909905
 45  107 106.906748
 46  107 106.905133
 47  107 106.905096
 48  107 106.906617
 49  107 106.910295
 50  107 106.915644
 51  107 106.924150
 52  107 106.935006
 39  108 107.959480
 40  108 107.943960
 41  108 107.934840
 42  108 107.923453
 43  108 107.918461
 44  108 107.910173
 45  108 107.908728
 46  108 107.903891
 47  108 107.905955
 48  108 107.904183
 49  108 107.909698
 50  108 107.911925
 51  108 107.922160
 52  108 107.929444
 53  108 107.943475
 40  109 108.949240
 41  109 108.937630
 42  109 108.927810
 43  109 108.919982
 44  109 108.913203
 45  109 108.908737
 46  109 108.905950
 47  109 108.904752
 48  109 108.904982
 49  109 108.907150
 50  109 108.911283
 51  109 108.918132
 52  109 108.927415
 53  109 108.938149
 40  110 109.952870
 41  110 109.942440
 42  110 109.929730
 43  110 109.923820
 44  110 109.914136
 45  110 109.911136
 46  110 109.905153
 47  110 109.906107
 48  110 109.903002
 49  110 109.907165
 50  110 109.907842
 51  110 109.916753
 52  110 109.922407
 53  110 109.935242
 54  110 109.944278
 41  111 110.945650
 42  111 110.934410
 43  111 110.925692
 44  111 110.917696
 45  111 110.911585
 46  111 110.907670
 47  111 110.905291
 48  111 110.904178
 49  111 110.905103
 50  111 110.907734
 51  111 110.913163
 52  111 110.921110
 53  111 110.930276
 54  111 110.941602
 41  112 111.950830
 42  112 111.936840
 43  112 111.929146
 44  112 111.918965
 45  112 111.914394
 46  112 111.907314
 47  112 111.907004
 48  112 111.902757
 49  112 111.905532
 50  112 111.904818
 51  112 111.912398
 52  112 111.917013
 53  112 111.927970
 54  112 111.935623
 55  112 111.950301
 41  113 112.954700
 42  113 112.941880
 43  113 112.931590
 44  113 112.922487
 45  113 112.915530
 46  113 112.910152
 47  113 112.906566
 48  113 112.904401
 49  113 112.904057
 50  113 112.905170
 51  113 112.909371
 52  113 112.915891
 53  113 112.923640
 54  113 112.933341
 55  113 112.944493
 42  114 113.944920
 43  114 113.935880
 44  114 113.924281
 45  114 113.918806
 46  114 113.910362
 47  114 113.908803
 48  114 113.903358
 49  114 113.904913
 50  114 113.902778
 51  114 113.909269
 52  114 113.912089
 53  114 113.921850
 54  114 113.927980
 55  114 113.941450
 56  114 113.950675
 42  115 114.950290
 43  115 114.938690
 44  115 114.928686
 45  115 114.920334
 46  115 114.913683
 47  115 114.908762
 48  115 114.905430
 49  115 114.903878
 50  115 114.903342
 51  115 114.906598
 52  115 114.911902
 53  115 114.918048
 54  115 114.926293
 55  115 114.935910
 56  115 114.947370
 43  116 115.943370
 44  116 115.930810
 45  116 115.924062
 46  116 115.914158
 47  116 115.911359
 48  116 115.904755
 49  116 115.905259
 50  116 115.901740
 51  116 115.906793
 52  116 115.908460
 53  116 115.916808
 54  116 115.921581
 55  116 115.933367
 56  116 115.941380
 43  117 116.946480
 44  117 116.935580
 45  117 116.925980
 46  117 116.917841
 47  117 116.911684
 48  117 116.907218
 49  117 116.904513
 50  117 116.902951
 51  117 116.904835
 52  117 116.908644
 53  117 116.913650
 54  117 116.920358
 55  117 116.928670
 56  117 116.938499
 57  117 116.950068
 43  118 117.951480
 44  118 117.937820
 45  118 117.930070
 46  118 117.918984
 47  118 117.914582
 48  118 117.906914
 49  118 117.906354
 50  118 117.901603
 51  118 117.905528
 52  118 117.905827
 53  118 117.913074
 54  118 117.916178
 55  118 117.926559
 56  118 117.933040
 57  118 117.946730
 44  119 118.942840
 45  119 118.932110
 46  119 118.923110
 47  119 118.915665
 48  119 118.909921
 49  119 118.905845
 50  119 118.903307
 51  119 118.903942
 52  119 118.906403
 53  119 118.910074
 54  119 118.915410
 55  119 118.922377
 56  119 118.930659
 57  119 118.940990
 58  119 118.952760
 44  120 119.945310
 45  120 119.936410
 46  120 119.924691
 47  120 119.918787
 48  120 119.909850
 49  120 119.907959
 50  120 119.902194
 51  120 119.905072
 52  120 119.904020
 53  120 119.910048
 54  120 119.911784
 55  120 119.920677
 56  120 119.926044
 57  120 119.938070
 58  120 119.946640
 45  121 120.938720
 46  121 120.928870
 47  121 120.919848
 48  121 120.912977
 49  121 120.907845
 50  121 120.904235
 51  121 120.903815
 52  121 120.904936
 53  121 120.907366
 54  121 120.911461
 55  121 120.917229
 56  121 120.924054
 57  121 120.933010
 58  121 120.943420
 59  121 120.955364
 45  122 121.943210
 46  122 121.930550
 47  122 121.923530
 48  122 121.913332
 49  122 121.910276
 50  122 121.903439
 51  122 121.905173
 52  122 121.903043
 53  122 121.907589
 54  122 121.908367
 55  122 121.916113
 56  122 121.919904
 57  122 121.930710
 58  122 121.937910
 59  122 121.951810
 46  123 122.934930
 47  123 122.924900
 48  123 122.917002
 49  123 122.910438
 50  123 122.905720
 51  123 122.904213
 52  123 122.904270
 53  123 122.905588
 54  123 122.908481
 55  123 122.912996
 56  123 122.918781
 57  123 122.926240
 58  123 122.935400
 59  123 122.945960
 46  124 123.936880
 47  124 123.928640
 48  124 123.917647
 49  124 123.913175
 50  124 123.905273
 51  124 123.905935
 52  124 123.902817
 53  124 123.906209
 54  124 123.905893
 55  124 123.912257
 56  124 123.915093
 57  124 123.924574
 58  124 123.930410
 59  124 123.942960
 60  124 123.952230
 47  125 124.930430
 48  125 124.921246
 49  125 124.913600
 50  125 124.907784
 51  125 124.905253
 52  125 124.904430
 53  125 124.904630
 54  125 124.906395
 55  125 124.909728
 56  125 124.914472
 57  125 124.920816
 58  125 124.928440
 59  125 124.937830
 60  125 124.948880
 47  126 125.934500
 48  126 125.922353
 49  126 125.916463
 50  126 125.907653
 51  126 125.907247
 52  126 125.903311
 53  126 125.905624
 54  126 125.904273
 55  126 125.909451
 56  126 125.911250
 57  126 125.919512
 58  126 125.923971
 59  126 125.935310
 60  126 125.943220
 61  126 125.957520
 47  127 126.936770
 48  127 126.926443
 49  127 126.917353
 50  127 126.910360
 51  127 126.906923
 52  127 126.905226
 53  127 126.904472
 54  127 126.905183
 55  127 126.907417
 56  127 126.911093
 57  127 126.916375
 58  127 126.922731
 59  127 126.930830
 60  127 126.940500
 61  127 126.951630
 47  128 127.941170
 48  128 127.927762
 49  128 127.920172
 50  128 127.910536
 51  128 127.909169
 52  128 127.904463
 53  128 127.905809
 54  128 127.903531
 55  128 127.907748
 56  128 127.908317
 57  128 127.915585
 58  128 127.918911
 59  128 127.928791
 60  128 127.935390
 61  128 127.948420
 62  128 127.958080
 47  129 128.943690
 48  129 128.932150
 49  129 128.921696
 50  129 128.913479
 51  129 128.909148
 52  129 128.906598
 53  129 128.904987
 54  129 128.904779
 55  129 128.906064
 56  129 128.908679
 57  129 128.912692
 58  129 128.918102
 59  129 128.925095
 60  129 128.933188
 61  129 128.943160
 62  129 128.954640
 47  130 129.950448
 48  130 129.933901
 49  130 129.924970
 50  130 129.913967
 51  130 129.911656
 52  130 129.906224
 53  130 129.906674
 54  130 129.903508
 55  130 129.906708
 56  130 129.906320
 57  130 129.912368
 58  130 129.914736
 59  130 129.923590
 60  130 129.928506
 61  130 129.940450
 62  130 129.948920
 63  130 129.963569
 48  131 130.940670
 49  131 130.926851
 50  131 130.916999
 51  131 130.911982
 52  131 130.908523
 53  131 130.906124
 54  131 130.905082
 55  131 130.905463
 56  131 130.906941
 57  131 130.910070
 58  131 130.914422
 59  131 130.920259
 60  131 130.927247
 61  131 130.935870
 62  131 130.946110
 63  131 130.957753
 48  132 131.945550
 49  132 131.932990
 50  132 131.917815
 51  132 131.914466
 52  132 131.908553
 53  132 131.907997
 54  132 131.904153
 55  132 131.906434
 56  132 131.905061
 57  132 131.910101
 58  132 131.911460
 59  132 131.919255
 60  132 131.923321
 61  132 131.933750
 62  132 131.940690
 63  132 131.954370
 49  133 132.937810
 50  133 132.923829
 51  133 132.915251
 52  133 132.910955
 53  133 132.907796
 54  133 132.905910
 55  133 132.905451
 56  133 132.906007
 57  133 132.908218
 58  133 132.911515
 59  133 132.916330
 60  133 132.922348
 61  133 132.929782
 62  133 132.938670
 63  133 132.949240
 49  134 133.944150
 50  134 133.928291
 51  134 133.920379
 52  134 133.911368
 53  134 133.909744
 54  134 133.905394
 55  134 133.906718
 56  134 133.904508
 57  134 133.908514
 58  134 133.908924
 59  134 133.915711
 60  134 133.918790
 61  134 133.928353
 62  134 133.933970
 63  134 133.946510
 64  134 133.955370
 49  135 134.949330
 50  135 134.934730
 51  135 134.925165
 52  135 134.916448
 53  135 134.910048
 54  135 134.907227
 55  135 134.905977
 56  135 134.905688
 57  135 134.906976
 58  135 134.909151
 59  135 134.913111
 60  135 134.918181
 61  135 134.924876
 62  135 134.932520
 63  135 134.941820
 64  135 134.952570
 50  136 135.939340
 51  136 135.930350
 52  136 135.920101
 53  136 135.914653
 54  136 135.907218
 55  136 135.907311
 56  136 135.904575
 57  136 135.907635
 58  136 135.907172
 59  136 135.912691
 60  136 135.914976
 61  136 135.923565
 62  136 135.928275
 63  136 135.939600
 64  136 135.947340
 65  136 135.961380
 50  137 136.945990
 51  137 136.935310
 52  137 136.925322
 53  137 136.917870
 54  137 136.911562
 55  137 136.907089
 56  137 136.905827
 57  137 136.906493
 58  137 136.907805
 59  137 136.910705
 60  137 136.914567
 61  137 136.920479
 62  137 136.926971
 63  137 136.935570
 64  137 136.945020
 65  137 136.955980
 51  138 137.940790
 52  138 137.929220
 53  138 137.922349
 54  138 137.913954
 55  138 137.911016
 56  138 137.905247
 57  138 137.907111
 58  138 137.905991
 59  138 137.910754
 60  138 137.911949
 61  138 137.919548
 62  138 137.923243
 63  138 137.933709
 64  138 137.940120
 65  138 137.953160
 66  138 137.962490
 51  139 138.945980
 52  139 138.934730
 53  139 138.926099
 54  139 138.918792
 55  139 138.913363
 56  139 138.908841
 57  139 138.906353
 58  139 138.906652
 59  139 138.908938
 60  139 138.911978
 61  139 138.916804
 62  139 138.922296
 63  139 138.929792
 64  139 138.938240
 65  139 138.948290
 66  139 138.959540
 52  140 139.938850
 53  140 139.931000
 54  140 139.921640
 55  140 139.917282
 56  140 139.910604
 57  140 139.909477
 58  140 139.905438
 59  140 139.909075
 60  140 139.909552
 61  140 139.916041
 62  140 139.918994
 63  140 139.928087
 64  140 139.933674
 65  140 139.945805
 66  140 139.954010
 67  140 139.968539
 52  141 140.944650
 53  141 140.935030
 54  141 140.926648
 55  141 140.920045
 56  141 140.914411
 57  141 140.910962
 58  141 140.908276
 59  141 140.907652
 60  141 140.909609
 61  141 140.913555
 62  141 140.918476
 63  141 140.924930
 64  141 140.932126
 65  141 140.941448
 66  141 140.951350
 67  141 140.963098
 52  142 141.949080
 53  142 141.940180
 54  142 141.929709
 55  142 141.924298
 56  142 141.916453
 57  142 141.914079
 58  142 141.909244
 59  142 141.910044
 60  142 141.907723
 61  142 141.912874
 62  142 141.915197
 63  142 141.923434
 64  142 141.928116
 65  142 141.938744
 66  142 141.946366
 67  142 141.959770
 53  143 142.944560
 54  143 142.935110
 55  143 142.927351
 56  143 142.920626
 57  143 142.916062
 58  143 142.912385
 59  143 142.910816
 60  143 142.909814
 61  143 142.910932
 62  143 142.914628
 63  143 142.920297
 64  143 142.926749
 65  143 142.935121
 66  143 142.943830
 67  143 142.954610
 68  143 142.966340
 53  144 143.949990
 54  144 143.938510
 55  144 143.932076
 56  144 143.922952
 57  144 143.919599
 58  144 143.913647
 59  144 143.913305
 60  144 143.910087
 61  144 143.912590
 62  144 143.911999
 63  144 143.918816
 64  144 143.922963
 65  144 143.933045
 66  144 143.939254
 67  144 143.951480
 68  144 143.960380
 54  145 144.944070
 55  145 144.935526
 56  145 144.927627
 57  145 144.921645
 58  145 144.917233
 59  145 144.914511
 60  145 144.912573
 61  145 144.912749
 62  145 144.913410
 63  145 144.916265
 64  145 144.921709
 65  145 144.929274
 66  145 144.937425
 67  145 144.947200
 68  145 144.957390
 69  145 144.970073
 54  146 145.947750
 55  146 145.940289
 56  146 145.930219
 57  146 145.925793
 58  146 145.918759
 59  146 145.917644
 60  146 145.913116
 61  146 145.914696
 62  146 145.913040
 63  146 145.917205
 64  146 145.918310
 65  146 145.927246
 66  146 145.932845
 67  146 145.944640
 68  146 145.952000
 69  146 145.966425
 54  147 146.953560
 55  147 146.944155
 56  147 146.934945
 57  147 146.928235
 58  147 146.922673
 59  147 146.918995
 60  147 146.916100
 61  147 146.915138
 62  147 146.914897
 63  147 146.916746
 64  147 146.919094
 65  147 146.924044
 66  147 146.931091
 67  147 146.940056
 68  147 146.949490
 69  147 146.960961
 55  148 147.949218
 56  148 147.937720
 57  148 147.932228
 58  148 147.924432
 59  148 147.922135
 60  148 147.916893
 61  148 147.917474
 62  148 147.914822
 63  148 147.918085
 64  148 147.918114
 65  148 147.924271
 66  148 147.927149
 67  148 147.937718
 68  148 147.944550
 69  148 147.957840
 70  148 147.967420
 55  149 148.952930
 56  149 148.942580
 57  149 148.934734
 58  149 148.928399
 59  149 148.923717
 60  149 148.920148
 61  149 148.918334
 62  149 148.917184
 63  149 148.917931
 64  149 148.919340
 65  149 148.923245
 66  149 148.927304
 67  149 148.933774
 68  149 148.942306
 69  149 148.952720
 70  149 148.964040
 55  150 149.958170
 56  150 149.945680
 57  150 149.938770
 58  150 149.930408
 59  150 149.926672
 60  150 149.920890
 61  150 149.920983
 62  150 149.917275
 63  150 149.919701
 64  150 149.918658
 65  150 149.923659
 66  150 149.925585
 67  150 149.933496
 68  150 149.937913
 69  150 149.949960
 70  150 149.958420
 71  150 149.973228
 55  151 150.962190
 56  151 150.950810
 57  151 150.941720
 58  151 150.933976
 59  151 150.928318
 60  151 150.923828
 61  151 150.921206
 62  151 150.919932
 63  151 150.919850
 64  151 150.920348
 65  151 150.923102
 66  151 150.926184
 67  151 150.931688
 68  151 150.937448
 69  151 150.945483
 70  151 150.955400
 71  151 150.967577
 56  152 151.954270
 57  152 151.946250
 58  152 151.936540
 59  152 151.931499
 60  152 151.924682
 61  152 151.923496
 62  152 151.919732
 63  152 151.921744
 64  152 151.919790
 65  152 151.924074
 66  152 151.924718
 67  152 151.931713
 68  152 151.935050
 69  152 151.944422
 70  152 151.950288
 71  152 151.964120
 56  153 152.959610
 57  153 152.949620
 58  153 152.940580
 59  153 152.933838
 60  153 152.927698
 61  153 152.924116
 62  153 152.922097
 63  153 152.921230
 64  153 152.921749
 65  153 152.923434
 66  153 152.925764
 67  153 152.930198
 68  153 152.935063
 69  153 152.942012
 70  153 152.949480
 71  153 152.958767
 72  153 152.970690
 57  154 153.954500
 58  154 153.943420
 59  154 153.937518
 60  154 153.929477
 61  154 153.926463
 62  154 153.922209
 63  154 153.922979
 64  154 153.920865
 65  154 153.924678
 66  154 153.924424
 67  154 153.930601
 68  154 153.932783
 69  154 153.941567
 70  154 153.946393
 71  154 153.957522
 72  154 153.964860
 57  155 154.958350
 58  155 154.948040
 59  155 154.940120
 60  155 154.932932
 61  155 154.928101
 62  155 154.924640
 63  155 154.922893
 64  155 154.922622
 65  155 154.923505
 66  155 154.925753
 67  155 154.929103
 68  155 154.933208
 69  155 154.939199
 70  155 154.945782
 71  155 154.954316
 72  155 154.963390
 73  155 154.974592
 58  156 155.951260
 59  156 155.944270
 60  156 155.935018
 61  156 155.931056
 62  156 155.925527
 63  156 155.924752
 64  156 155.922122
 65  156 155.924747
 66  156 155.924283
 67  156 155.929839
 68  156 155.931064
 69  156 155.938979
 70  156 155.942818
 71  156 155.953032
 72  156 155.959364
 73  156 155.972303
 58  157 156.956340
 59  157 156.947430
 60  157 156.939030
 61  157 156.933039
 62  157 156.928358
 63  157 156.925423
 64  157 156.923960
 65  157 156.924024
 66  157 156.925466
 67  157 156.928256
 68  157 156.931916
 69  157 156.936973
 70  157 156.942627
 71  157 156.950098
 72  157 156.958396
 73  157 156.968192
 59  158 157.951980
 60  158 157.941600
 61  158 157.936561
 62  158 157.929991
 63  158 157.927845
 64  158 157.924103
 65  158 157.925413
 66  158 157.924409
 67  158 157.928941
 68  158 157.929893
 69  158 157.936979
 70  158 157.939865
 71  158 157.949313
 72  158 157.954799
 73  158 157.966699
 74  158 157.974562
 59  159 158.955500
 60  159 158.946090
 61  159 158.938970
 62  159 158.933211
 63  159 158.929088
 64  159 158.926388
 65  159 158.925346
 66  159 158.925739
 67  159 158.927711
 68  159 158.930684
 69  159 158.934975
 70  159 158.940050
 71  159 158.946628
 72  159 158.953994
 73  159 158.963018
 74  159 158.972918
 60  160 159.949090
 61  160 159.942990
 62  160 159.935140
 63  160 159.931971
 64  160 159.927054
 65  160 159.927167
 66  160 159.925197
 67  160 159.928729
 68  160 159.929083
 69  160 159.935262
 70  160 159.937552
 71  160 159.946033
 72  160 159.950684
 73  160 159.961486
 74  160 159.968478
 75  160 159.982115
 60  161 160.953880
 61  161 160.945860
 62  161 160.938830
 63  161 160.933680
 64  161 160.929669
 65  161 160.927569
 66  161 160.926933
 67  161 160.927854
 68  161 160.929995
 69  161 160.933549
 70  161 160.937901
 71  161 160.943572
 72  161 160.950274
 73  161 160.958417
 74  161 160.967357
 75  161 160.977589
 61  162 161.950290
 62  162 161.941220
 63  162 161.937040
 64  162 161.930984
 65  162 161.929488
 66  162 161.926798
 67  162 161.929095
 68  162 161.928778
 69  162 161.933994
 70  162 161.935768
 71  162 161.943277
 72  162 161.947210
 73  162 161.957291
 74  162 161.963497
 75  162 161.976002
 76  162 161.984431
 61  163 162.953680
 62  163 162.945360
 63  163 162.939210
 64  163 162.933990
 65  163 162.930647
 66  163 162.928731
 67  163 162.928733
 68  163 162.930032
 69  163 162.932651
 70  163 162.936334
 71  163 162.941179
 72  163 162.947089
 73  163 162.954330
 74  163 162.962523
 75  163 162.972080
 76  163 162.982690
 62  164 163.948280
 63  164 163.942990
 64  164 163.935860
 65  164 163.933350
 66  164 163.929174
 67  164 163.930233
 68  164 163.929200
 69  164 163.933560
 70  164 163.934489
 71  164 163.941339
 72  164 163.944367
 73  164 163.953534
 74  164 163.958954
 75  164 163.970323
 76  164 163.978035
 77  164 163.992201
 62  165 164.952980
 63  165 164.945720
 64  165 164.939380
 65  165 164.934880
 66  165 164.931703
 67  165 164.930322
 68  165 164.930726
 69  165 164.932435
 70  165 164.935279
 71  165 164.939406
 72  165 164.944567
 73  165 164.950772
 74  165 164.958279
 75  165 164.967088
 76  165 164.976762
 77  165 164.987520
 63  166 165.949970
 64  166 165.941600
 65  166 165.937991
 66  166 165.932806
 67  166 165.932284
 68  166 165.930293
 69  166 165.933554
 70  166 165.933882
 71  166 165.939859
 72  166 165.942180
 73  166 165.950512
 74  166 165.955027
 75  166 165.965808
 76  166 165.972690
 77  166 165.985824
 78  166 165.994855
 63  167 166.953210
 64  167 166.945570
 65  167 166.940050
 66  167 166.935655
 67  167 166.933132
 68  167 166.932048
 69  167 166.932851
 70  167 166.934949
 71  167 166.938270
 72  167 166.942600
 73  167 166.948093
 74  167 166.954816
 75  167 166.962601
 76  167 166.971547
 77  167 166.981665
 78  167 166.992979
 64  168 167.948360
 65  168 167.943640
 66  168 167.937128
 67  168 167.935515
 68  168 167.932370
 69  168 167.934172
 70  168 167.933896
 71  168 167.938739
 72  168 167.940568
 73  168 167.948047
 74  168 167.951808
 75  168 167.961572
 76  168 167.967803
 77  168 167.979881
 78  168 167.988150
 64  169 168.952870
 65  169 168.946220
 66  169 168.940307
 67  169 168.936872
 68  169 168.934590
 69  169 168.934213
 70  169 168.935189
 71  169 168.937651
 72  169 168.941259
 73  169 168.946011
 74  169 168.951778
 75  169 168.958791
 76  169 168.967019
 77  169 168.976294
 78  169 168.986715
 79  169 168.998080
 65  170 169.950250
 66  170 169.942390
 67  170 169.939618
 68  170 169.935464
 69  170 169.935801
 70  170 169.934761
 71  170 169.938474
 72  170 169.939609
 73  170 169.946175
 74  170 169.949228
 75  170 169.958220
 76  170 169.963577
 77  170 169.974965
 78  170 169.982495
 79  170 169.996122
 65  171 170.953300
 66  171 170.946200
 67  171 170.941465
 68  171 170.938029
 69  171 170.936429
 70  171 170.936325
 71  171 170.937913
 72  171 170.940492
 73  171 170.944476
 74  171 170.949451
 75  171 170.955716
 76  171 170.963184
 77  171 170.971626
 78  171 170.981244
 79  171 170.991878
 80  171 171.003760
 66  172 171.948760
 67  172 171.944820
 68  172 171.939356
 69  172 171.938400
 70  172 171.936381
 71  172 171.939085
 72  172 171.939448
 73  172 171.944895
 74  172 171.947292
 75  172 171.955422
 76  172 171.960023
 77  172 171.970456
 78  172 171.977347
 79  172 171.990035
 80  172 171.998832
 66  173 172.953000
 67  173 172.947290
 68  173 172.942400
 69  173 172.939603
 70  173 172.938210
 71  173 172.938930
 72  173 172.940513
 73  173 172.943750
 74  173 172.947689
 75  173 172.953243
 76  173 172.959808
 77  173 172.967501
 78  173 172.976444
 79  173 172.986237
 80  173 172.997242
 67  174 173.951150
 68  174 173.944230
 69  174 173.942168
 70  174 173.938862
 71  174 173.940337
 72  174 173.940046
 73  174 173.944454
 74  174 173.946079
 75  174 173.953115
 76  174 173.957062
 77  174 173.966861
 78  174 173.972818
 79  174 173.984761
 80  174 173.992863
 67  175 174.954050
 68  175 174.947770
 69  175 174.943836
 70  175 174.941276
 71  175 174.940771
 72  175 174.941509
 73  175 174.943737
 74  175 174.946717
 75  175 174.951381
 76  175 174.956945
 77  175 174.964112
 78  175 174.972420
 79  175 174.981274
 80  175 174.991423
 68  176 175.950080
 69  176 175.946994
 70  176 175.942571
 71  176 175.942686
 72  176 175.941408
 73  176 175.944857
 74  176 175.945634
 75  176 175.951623
 76  176 175.954806
 77  176 175.963648
 78  176 175.968944
 79  176 175.980099
 80  176 175.987354
 81  176 176.000590
 68  177 176.954050
 69  177 176.949040
 70  177 176.945260
 71  177 176.943758
 72  177 176.943220
 73  177 176.944472
 74  177 176.946643
 75  177 176.950328
 76  177 176.954965
 77  177 176.961301
 78  177 176.968469
 79  177 176.976864
 80  177 176.986279
 81  177 176.996427
 69  178 177.952640
 70  178 177.946646
 71  178 177.945954
 72  178 177.943698
 73  178 177.945778
 74  178 177.945876
 75  178 177.950989
 76  178 177.953251
 77  178 177.961082
 78  178 177.965648
 79  178 177.976031
 80  178 177.982483
 81  178 177.994897
 82  178 178.003830
 69  179 178.955340
 70  179 178.950170
 71  179 178.947327
 72  179 178.945816
 73  179 178.945929
 74  179 178.947070
 75  179 178.949987
 76  179 178.953816
 77  179 178.959122
 78  179 178.965363
 79  179 178.973212
 80  179 178.981833
 81  179 178.991089
 82  179 179.002150
 70  180 179.952330
 71  180 179.949881
 72  180 179.946549
 73  180 179.947464
 74  180 179.946704
 75  180 179.950789
 76  180 179.952378
 77  180 179.959229
 78  180 179.963031
 79  180 179.972521
 80  180 179.978266
 81  180 179.989906
 82  180 179.997918
 70  181 180.956150
 71  181 180.951970
 72  181 180.949101
 73  181 180.947995
 74  181 180.948197
 75  181 180.950067
 76  181 180.953244
 77  181 180.957625
 78  181 180.963097
 79  181 180.970079
 80  181 180.977819
 81  181 180.986257
 82  181 180.996623
 71  182 181.955040
 72  182 181.950554
 73  182 181.950151
 74  182 181.948204
 75  182 181.951210
 76  182 181.952110
 77  182 181.958076
 78  182 181.961170
 79  182 181.969617
 80  182 181.974689
 81  182 181.985667
 82  182 181.992671
 71  183 182.957570
 72  183 182.953530
 73  183 182.951372
 74  183 182.950222
 75  183 182.950819
 76  183 182.953126
 77  183 182.956846
 78  183 182.961596
 79  183 182.967593
 80  183 182.974449
 81  183 182.982192
 82  183 182.991874
 71  184 183.960910
 72  184 183.955446
 73  184 183.954007
 74  184 183.950931
 75  184 183.952520
 76  184 183.952489
 77  184 183.957476
 78  184 183.959922
 79  184 183.967451
 80  184 183.971713
 81  184 183.981873
 82  184 183.988142
 83  184 184.001124
 72  185 184.958820
 73  185 184.955559
 74  185 184.953419
 75  185 184.952954
 76  185 184.954042
 77  185 184.956698
 78  185 184.960619
 79  185 184.965789
 80  185 184.971899
 81  185 184.978791
 82  185 184.987609
 83  185 184.997625
 72  186 185.960890
 73  186 185.958552
 74  186 185.954364
 75  186 185.954986
 76  186 185.953838
 77  186 185.957946
 78  186 185.959350
 79  186 185.965952
 80  186 185.969361
 81  186 185.978325
 82  186 185.984238
 83  186 185.996597
 72  187 186.964590
 73  187 186.960530
 74  187 186.957160
 75  187 186.955753
 76  187 186.955750
 77  187 186.957363
 78  187 186.960587
 79  187 186.964567
 80  187 186.969814
 81  187 186.975905
 82  187 186.983918
 83  187 186.993157
 72  188 187.966850
 73  188 187.963700
 74  188 187.958489
 75  188 187.958114
 76  188 187.955838
 77  188 187.958853
 78  188 187.959395
 79  188 187.965323
 80  188 187.967577
 81  188 187.976009
 82  188 187.980874
 83  188 187.992265
 84  188 187.999422
 73  189 188.965830
 74  189 188.961912
 75  189 188.959229
 76  189 188.958147
 77  189 188.958718
 78  189 188.960833
 79  189 188.963948
 80  189 188.968190
 81  189 188.973588
 82  189 188.980807
 83  189 188.989199
 84  189 188.998480
 73  190 189.969230
 74  190 189.963181
 75  190 189.961817
 76  190 189.958447
 77  190 189.960545
 78  190 189.959931
 79  190 189.964700
 80  190 189.966322
 81  190 189.973877
 82  190 189.978081
 83  190 189.988295
 84  190 189.995101
 74  191 190.966600
 75  191 190.963125
 76  191 190.960929
 77  191 190.960594
 78  191 190.961676
 79  191 190.963704
 80  191 190.967157
 81  191 190.971786
 82  191 190.978265
 83  191 190.985786
 84  191 190.994574
 74  192 191.968170
 75  192 191.965960
 76  192 191.961480
 77  192 191.962605
 78  192 191.961038
 79  192 191.964812
 80  192 191.965634
 81  192 191.972225
 82  192 191.975785
 83  192 191.985457
 84  192 191.991335
 75  193 192.967470
 76  193 192.964151
 77  193 192.962926
 78  193 192.962987
 79  193 192.964149
 80  193 192.966665
 81  193 192.970672
 82  193 192.976173
 83  193 192.982959
 84  193 192.991025
 85  193 192.999843
 75  194 193.970420
 76  194 193.965182
 77  194 193.965078
 78  194 193.962680
 79  194 193.965365
 80  194 193.965439
 81  194 193.971200
 82  194 193.974012
 83  194 193.982833
 84  194 193.988185
 85  194 193.998725
 76  195 194.968126
 77  195 194.965979
 78  195 194.964791
 79  195 194.965034
 80  195 194.966720
 81  195 194.969774
 82  195 194.974542
 83  195 194.980650
 84  195 194.988110
 85  195 194.996268
 86  195 195.005437
 76  196 195.969639
 77  196 195.968396
 78  196 195.964951
 79  196 195.966569
 80  196 195.965832
 81  196 195.970481
 82  196 195.972774
 83  196 195.980666
 84  196 195.985534
 85  196 195.995788
 86  196 196.002115
 77  197 196.969653
 78  197 196.967340
 79  197 196.966568
 80  197 196.967212
 81  197 196.969574
 82  197 196.973431
 83  197 196.978864
 84  197 196.985659
 85  197 196.993189
 86  197 197.001584
 77  198 197.972280
 78  198 197.967892
 79  198 197.968242
 80  198 197.966769
 81  198 197.970483
 82  198 197.972033
 83  198 197.979206
 84  198 197.983388
 85  198 197.992837
 86  198 197.998678
 77  199 198.973804
 78  199 198.970593
 79  199 198.968765
 80  199 198.968279
 81  199 198.969877
 82  199 198.972916
 83  199 198.977671
 84  199 198.983666
 85  199 198.990532
 86  199 198.998370
 87  199 199.007258
 78  200 199.971440
 79  200 199.970725
 80  200 199.968326
 81  200 199.970962
 82  200 199.971826
 83  200 199.978131
 84  200 199.981798
 85  200 199.990351
 86  200 199.995699
 87  200 200.006572
 78  201 200.974512
 79  201 200.971657
 80  201 200.970302
 81  201 200.970818
 82  201 200.972884
 83  201 200.977009
 84  201 200.982259
 85  201 200.988416
 86  201 200.995628
 87  201 201.003860
 78  202 201.975740
 79  202 201.973805
 80  202 201.970643
 81  202 201.972105
 82  202 201.972159
 83  202 201.977742
 84  202 201.980757
 85  202 201.988630
 86  202 201.993263
 87  202 202.003372
 88  202 202.009890
 79  203 202.975154
 80  203 202.972872
 81  203 202.972344
 82  203 202.973390
 83  203 202.976876
 84  203 202.981420
 85  203 202.986941
 86  203 202.993386
 87  203 203.000924
 88  203 203.009271
 79  204 203.977724
 80  204 203.973493
 81  204 203.973863
 82  204 203.973043
 83  204 203.977812
 84  204 203.980318
 85  204 203.987251
 86  204 203.991428
 87  204 204.000653
 88  204 204.006499
 79  205 204.979870
 80  205 204.976073
 81  205 204.974427
 82  205 204.974481
 83  205 204.977389
 84  205 204.981203
 85  205 204.986074
 86  205 204.991718
 87  205 204.998593
 88  205 205.006268
 80  206 205.977514
 81  206 205.976110
 82  206 205.974465
 83  206 205.978499
 84  206 205.980481
 85  206 205.986667
 86  206 205.990214
 87  206 205.998666
 88  206 206.003827
 89  206 206.014504
 80  207 206.982588
 81  207 206.977419
 82  207 206.975896
 83  207 206.978470
 84  207 206.981593
 85  207 206.985783
 86  207 206.990734
 87  207 206.996949
 88  207 207.003798
 89  207 207.011949
 80  208 207.985940
 81  208 207.982018
 82  208 207.976652
 83  208 207.979742
 84  208 207.981245
 85  208 207.986589
 86  208 207.989642
 87  208 207.997138
 88  208 208.001839
 89  208 208.011551
 80  209 208.991040
 81  209 208.985358
 82  209 208.981090
 83  209 208.980398
 84  209 208.982430
 85  209 208.986173
 86  209 208.990414
 87  209 208.995953
 88  209 209.001991
 89  209 209.009494
 90  209 209.017715
 80  210 209.994510
 81  210 209.990073
 82  210 209.984188
 83  210 209.984120
 84  210 209.982873
 85  210 209.987147
 86  210 209.989696
 87  210 209.996407
 88  210 210.000494
 89  210 210.009435
 90  210 210.015075
 81  211 210.993477
 82  211 210.988736
 83  211 210.987269
 84  211 210.986653
 85  211 210.987496
 86  211 210.990600
 87  211 210.995536
 88  211 211.000897
 89  211 211.007734
 90  211 211.014928
 81  212 211.998228
 82  212 211.991897
 83  212 211.991285
 84  212 211.988867
 85  212 211.990744
 86  212 211.990703
 87  212 211.996202
 88  212 211.999794
 89  212 212.007813
 90  212 212.012980
 91  212 212.023204
 82  213 212.996581
 83  213 212.994384
 84  213 212.992857
 85  213 212.992936
 86  213 212.993882
 87  213 212.996189
 88  213 213.000383
 89  213 213.006607
 90  213 213.013010
 91  213 213.021109
 82  214 213.999805
 83  214 213.998711
 84  214 213.995201
 85  214 213.996371
 86  214 213.995362
 87  214 213.998971
 88  214 214.000107
 89  214 214.006901
 90  214 214.011499
 91  214 214.020918
 82  215 215.004807
 83  215 215.001769
 84  215 214.999419
 85  215 214.998652
 86  215 214.998745
 87  215 215.000341
 88  215 215.002719
 89  215 215.006453
 90  215 215.011730
 91  215 215.019185
 83  216 216.006305
 84  216 216.001915
 85  216 216.002423
 86  216 216.000274
 87  216 216.003197
 88  216 216.003533
 89  216 216.008720
 90  216 216.011062
 91  216 216.019109
 83  217 217.009470
 84  217 217.006334
 85  217 217.004718
 86  217 217.003927
 87  217 217.004631
 88  217 217.006320
 89  217 217.009346
 90  217 217.013114
 91  217 217.018323
 92  217 217.024368
 83  218 218.014316
 84  218 218.008973
 85  218 218.008694
 86  218 218.005601
 87  218 218.007578
 88  218 218.007140
 89  218 218.011641
 90  218 218.013284
 91  218 218.020041
 92  218 218.023535
 84  219 219.013744
 85  219 219.011161
 86  219 219.009480
 87  219 219.009252
 88  219 219.010085
 89  219 219.012420
 90  219 219.015536
 91  219 219.019883
 92  219 219.024919
 84  220 220.016602
 85  220 220.015407
 86  220 220.011393
 87  220 220.012327
 88  220 220.011028
 89  220 220.014762
 90  220 220.015747
 91  220 220.021875
 92  220 220.024723
 85  221 221.018050
 86  221 221.015536
 87  221 221.014254
 88  221 221.013917
 89  221 221.015591
 90  221 221.018183
 91  221 221.021877
 92  221 221.026399
 85  222 222.022330
 86  222 222.017577
 87  222 222.017551
 88  222 222.015374
 89  222 222.017843
 90  222 222.018468
 91  222 222.023742
 92  222 222.026086
 85  223 223.025190
 86  223 223.021790
 87  223 223.019735
 88  223 223.018502
 89  223 223.019137
 90  223 223.020811
 91  223 223.023962
 92  223 223.027738
 86  224 224.024090
 87  224 224.023249
 88  224 224.020211
 89  224 224.021722
 90  224 224.021466
 91  224 224.025625
 92  224 224.027604
 86  225 225.028440
 87  225 225.025565
 88  225 225.023611
 89  225 225.023229
 90  225 225.023951
 91  225 225.026130
 92  225 225.029390
 93  225 225.033913
 86  226 226.030890
 87  226 226.029386
 88  226 226.025409
 89  226 226.026098
 90  226 226.024903
 91  226 226.027947
 92  226 226.029338
 93  226 226.035145
 86  227 227.035407
 87  227 227.031835
 88  227 227.029177
 89  227 227.027752
 90  227 227.027704
 91  227 227.028805
 92  227 227.031156
 93  227 227.034956
 86  228 228.037986
 87  228 228.035729
 88  228 228.031070
 89  228 228.031021
 90  228 228.028741
 91  228 228.031051
 92  228 228.031374
 93  228 228.036180
 94  228 228.038742
 87  229 229.038450
 88  229 229.034957
 89  229 229.033015
 90  229 229.031762
 91  229 229.032096
 92  229 229.033505
 93  229 229.036263
 94  229 229.040150
 87  230 230.042510
 88  230 230.037056
 89  230 230.036294
 90  230 230.033133
 91  230 230.034540
 92  230 230.033939
 93  230 230.037827
 94  230 230.039649
 87  231 231.045440
 88  231 231.041220
 89  231 231.038558
 90  231 231.036304
 91  231 231.035883
 92  231 231.036293
 93  231 231.038245
 94  231 231.041101
 95  231 231.045560
 87  232 232.049772
 88  232 232.043638
 89  232 232.042027
 90  232 232.038055
 91  232 232.038591
 92  232 232.037156
 93  232 232.040108
 94  232 232.041187
 95  232 232.046590
 88  233 233.048060
 89  233 233.044550
 90  233 233.041581
 91  233 233.040247
 92  233 233.039635
 93  233 233.040740
 94  233 233.042997
 95  233 233.046348
 96  233 233.050771
 88  234 234.050704
 89  234 234.048420
 90  234 234.043601
 91  234 234.043308
 92  234 234.040952
 93  234 234.042895
 94  234 234.043317
 95  234 234.047809
 96  234 234.050159
 89  235 235.051232
 90  235 235.047510
 91  235 235.045443
 92  235 235.043929
 93  235 235.044063
 94  235 235.045286
 95  235 235.047946
 96  235 235.051434
 97  235 235.056580
 89  236 236.055296
 90  236 236.049870
 91  236 236.048681
 92  236 236.045568
 93  236 236.046569
 94  236 236.046057
 95  236 236.049579
 96  236 236.051413
 97  236 236.057330
 90  237 237.053894
 91  237 237.051145
 92  237 237.048730
 93  237 237.048173
 94  237 237.048409
 95  237 237.049996
 96  237 237.052901
 97  237 237.057003
 98  237 237.062070
 90  238 238.056496
 91  238 238.054502
 92  238 238.050788
 93  238 238.050946
 94  238 238.049559
 95  238 238.051984
 96  238 238.053028
 97  238 238.058281
 98  238 238.061410
 91  239 239.057260
 92  239 239.054293
 93  239 239.052939
 94  239 239.052163
 95  239 239.053024
 96  239 239.054957
 97  239 239.058279
 98  239 239.062422
 91  240 240.060980
 92  240 240.056591
 93  240 240.056162
 94  240 240.053813
 95  240 240.055300
 96  240 240.055529
 97  240 240.059759
 98  240 240.062302
 99  240 240.068920
 92  241 241.060330
 93  241 241.058252
 94  241 241.056851
 95  241 241.056829
 96  241 241.057653
 97  241 241.060230
 98  241 241.063726
 99  241 241.068538
 92  242 242.062931
 93  242 242.061641
 94  242 242.058742
 95  242 242.059549
 96  242 242.058835
 97  242 242.061981
 98  242 242.063701
 99  242 242.069745
100  242 242.073430
 93  243 243.064279
 94  243 243.062003
 95  243 243.061381
 96  243 243.061389
 97  243 243.063007
 98  243 243.065427
 99  243 243.069548
100  243 243.074353
 93  244 244.067850
 94  244 244.064203
 95  244 244.064284
 96  244 244.062752
 97  244 244.065180
 98  244 244.066000
 99  244 244.070883
100  244 244.074084
 94  245 245.067747
 95  245 245.066452
 96  245 245.065491
 97  245 245.066361
 98  245 245.068048
 99  245 245.071324
100  245 245.075385
101  245 245.080829
 94  246 246.070204
 95  246 246.069774
 96  246 246.067223
 97  246 246.068672
 98  246 246.068805
 99  246 246.072896
100  246 246.075299
101  246 246.081886
 94  247 247.074070
 95  247 247.072093
 96  247 247.070353
 97  247 247.070307
 98  247 247.071000
 99  247 247.073656
100  247 247.076847
101  247 247.081635
 95  248 248.075752
 96  248 248.072348
 97  248 248.073086
 98  248 248.072184
 99  248 248.075471
100  248 248.077194
101  248 248.082823
102  248 248.086596
 95  249 249.078480
 96  249 249.075953
 97  249 249.074986
 98  249 249.074853
 99  249 249.076411
100  249 249.079034
101  249 249.083013
102  249 249.087833
 96  250 250.078356
 97  250 250.078316
 98  250 250.076406
 99  250 250.078612
100  250 250.079521
101  250 250.084420
102  250 250.087510
 96  251 251.082284
 97  251 251.080760
 98  251 251.079586
 99  251 251.079992
100  251 251.081575
101  251 251.084839
102  251 251.089012
103  251 251.094360
 96  252 252.084870
 97  252 252.084310
 98  252 252.081625
 99  252 252.082978
100  252 252.082466
101  252 252.086560
102  252 252.088976
103  252 252.095371
 97  253 253.086880
 98  253 253.085133
 99  253 253.084824
100  253 253.085185
101  253 253.087280
102  253 253.090678
103  253 253.095210
104  253 253.100689
 97  254 254.090600
 98  254 254.087322
 99  254 254.088022
100  254 254.086854
101  254 254.089656
102  254 254.090955
103  254 254.096454
104  254 254.100184
 98  255 255.091046
 99  255 255.090273
100  255 255.089962
101  255 255.091082
102  255 255.093241
103  255 255.096681
104  255 255.101340
105  255 255.107398
 98  256 256.093440
 99  256 256.093598
100  256 256.091773
101  256 256.094059
102  256 256.094282
103  256 256.098629
104  256 256.101166
105  256 256.108127
 99  257 257.095979
100  257 257.095104
101  257 257.095541
102  257 257.096877
103  257 257.099555
104  257 257.102990
105  257 257.107722
 99  258 258.099520
100  258 258.097076
101  258 258.098431
102  258 258.098207
103  258 258.101814
104  258 258.103489
105  258 258.109231
106  258 258.113168
100  259 259.100595
101  259 259.100509
102  259 259.101031
103  259 259.102901
104  259 259.105637
105  259 259.109610
106  259 259.114500
100  260 260.102678
101  260 260.103652
102  260 260.102643
103  260 260.105504
104  260 260.106440
105  260 260.111300
106  260 260.114422
107  260 260.121970
101  261 261.105721
102  261 261.105749
103  261 261.106883
104  261 261.108766
105  261 261.112056
106  261 261.116117
107  261 261.121664
101  262 262.108865
102  262 262.107301
103  262 262.109634
104  262 262.109925
105  262 262.114084
106  262 262.116398
107  262 262.122892
102  263 263.110552
103  263 263.111293
104  263 263.112547
105  263 263.114988
106  263 263.118322
107  263 263.123035
108  263 263.128558
102  264 264.112345
103  264 264.114038
104  264 264.113985
105  264 264.117404
106  264 264.118931
107  264 264.124604
108  264 264.128394
103  265 265.115839
104  265 265.116704
105  265 265.118601
106  265 265.121114
107  265 265.125147
108  265 265.130085
109  265 265.136151
103  266 266.119305
104  266 266.117956
105  266 266.121029
106  266 266.122065
107  266 266.126942
108  266 266.130097
109  266 266.137299
104  267 267.121529
105  267 267.122377
106  267 267.124425
107  267 267.127650
108  267 267.131789
109  267 267.137307
110  267 267.144341
104  268 268.123644
105  268 268.125445
106  268 268.125606
107  268 268.129755
108  268 268.132162
109  268 268.138728
110  268 268.143795
105  269 269.127460
106  269 269.128755
107  269 269.130694
108  269 269.134056
109  269 269.139055
110  269 269.145124
105  270 270.130712
106  270 270.130329
107  270 270.133616
108  270 270.134650
109  270 270.140657
110  270 270.144720
106  271 271.133472
107  271 271.135179
108  271 271.137657
109  271 271.141139
110  271 271.146062
106  272 272.135158
107  272 272.138032
108  272 272.139052
109  272 272.143738
110  272 272.146317
111  272 272.153615
106  273 273.138220
107  273 273.139618
108  273 273.141986
109  273 273.144913
110  273 273.148863
111  273 273.153682
107  274 274.142440
108  274 274.143131
109  274 274.147492
110  274 274.149492
111  274 274.155713
107  275 275.144250
108  275 275.145952
109  275 275.148647
110  275 275.152176
111  275 275.156142
108  276 276.147208
109  276 276.151156
110  276 276.153034
111  276 276.158493
108  277 277.149841
109  277 277.152420
110  277 277.155647
111  277 277.159519
112  277 277.163943
109  278 278.154812
110  278 278.156469
111  278 278.161604
112  278 278.164312
109  279 279.156193
110  279 279.158861
111  279 279.162468
112  279 279.166546
110  280 280.159795
111  280 280.164473
112  280 280.167039
110  281 281.162061
111  281 281.165372
112  281 281.169286
111  282 282.167486
112  282 282.169765
111  283 283.168415
112  283 283.171792
113  283 283.176451
112  284 284.172384
113  284 284.178080
112  285 285.174105
113  285 285.178732
114  285 285.183698
113  286 286.180481
114  286 286.183855
113  287 287.181045
114  287 287.185599
115  287 287.191186
114  288 288.185689
115  288 288.192492
114  289 289.187279
115  289 289.192715
116  289 289.198862
115  290 290.194141
116  290 290.198590
115  291 291.194384
116  291 291.200011
117  291 291.206564
116  292 292.199786
117  292 292.207549
118  293 293.214670
